,Jan,,Feb,,Mar,,Apr,,May,,Jun,,Jul,,Aug,,Sep,,Oct,,Nov,,Dec,,
d,EoT,Dec,EoT,Dec,EoT,Dec,EoT,Dec,EoT,Dec,EoT,Dec,EoT,Dec,EoT,Dec,EoT,Dec,EoT,Dec,EoT,Dec,EoT,Dec,d
1,3.2,-23.1,13.5,-17.3,12.5,-7.8,4.1,4.3,-2.8,14.9,-2.3,22.0,3.7,23.1,6.4,18.2,0.3,8.5,-10.1,-3.0,-16.4,-14.2,-11.3,-21.7,1
2,3.7,-23.0,13.6,-17.0,12.3,-7.4,3.8,4.7,-2.9,15.2,-2.1,22.1,3.9,23.1,6.3,17.9,-0.1,8.1,-10.4,-3.4,-16.5,-14.6,-10.9,-21.9,2
3,4.1,-22.9,13.7,-16.7,12.1,-7.1,3.5,5.1,-3.1,15.5,-2.0,22.2,4.1,23.0,6.3,17.7,-0.4,7.8,-10.7,-3.7,-16.5,-14.9,-10.5,-22.0,3
4,4.5,-22.8,13.8,-16.4,11.9,-6.7,3.2,5.5,-3.1,15.8,-1.9,22.4,4.3,22.9,6.1,17.4,-0.7,7.4,-11.1,-4.1,-16.5,-15.2,-10.2,-22.2,4
5,5.0,-22.7,13.9,-16.1,11.7,-6.3,2.9,5.9,-3.3,16.1,-1.7,22.5,4.5,22.8,6.1,17.1,-1.1,7.0,-11.3,-4.5,-16.5,-15.5,-9.8,-22.3,5
6,5.5,-22.6,14.0,-15.8,11.4,-5.9,2.7,6.2,-3.3,16.4,-1.5,22.6,4.6,22.7,6.0,16.9,-1.4,6.7,-11.7,-4.9,-16.4,-15.8,-9.3,-22.4,6
7,5.9,-22.4,14.1,-15.5,11.2,-5.5,2.3,6.6,-3.4,16.7,-1.3,22.7,4.8,22.6,5.9,16.6,-1.7,6.3,-11.9,-5.3,-16.4,-16.1,-8.9,-22.5,7
8,6.3,-22.3,14.1,-15.2,10.9,-5.1,2.1,7.0,-3.5,16.9,-1.1,22.8,4.9,22.5,5.7,16.3,-2.1,5.9,-12.2,-5.7,-16.3,-16.4,-8.5,-22.7,8
9,6.7,-22.2,14.1,-14.9,10.7,-4.7,1.8,7.4,-3.5,17.2,-0.9,22.9,5.1,22.4,5.6,16.0,-2.4,5.5,-12.5,-6.0,-16.3,-16.7,-8.1,-22.8,9
10,7.2,-22.0,14.2,-14.5,10.5,-4.3,1.5,7.7,-3.6,17.5,-0.7,23.0,5.3,22.3,5.5,15.7,-2.7,5.2,-12.8,-6.4,-16.2,-17.0,-7.6,-22.9,10
11,7.6,-21.9,14.2,-14.2,10.2,-4.0,1.3,8.1,-3.6,17.7,-0.5,23.0,5.4,22.2,5.3,15.4,-3.1,4.8,-13.1,-6.8,-16.1,-17.3,-7.1,-23.0,11
12,8.0,-21.7,14.2,-13.9,9.9,-3.6,1.0,8.5,-3.7,18.0,-0.3,23.1,5.5,22.1,5.2,15.2,-3.5,4.4,-13.3,-7.2,-16.0,-17.5,-6.7,-23.0,12
13,8.3,-21.6,14.2,-13.6,9.7,-3.2,0.7,8.8,-3.7,18.2,-0.1,23.2,5.7,21.9,5.0,14.8,-3.8,4.0,-13.5,-7.6,-15.9,-17.8,-6.3,-23.1,13
14,8.7,-21.4,14.1,-13.2,9.4,-2.8,0.5,9.2,-3.7,18.5,0.1,23.2,5.8,21.8,4.8,14.5,-4.1,3.6,-13.8,-7.9,-15.7,-18.1,-5.8,-23.2,14
15,9.1,-21.2,14.1,-12.9,9.1,-2.4,0.2,9.6,-3.7,18.7,0.3,23.3,5.9,21.6,4.7,14.2,-4.5,3.3,-14.1,-8.3,-15.5,-18.3,-5.3,-23.2,15
16,9.5,-21.1,14.1,-12.5,8.9,-2.0,0.0,9.9,-3.7,19.0,0.5,23.3,6.0,21.5,4.5,13.9,-4.9,2.9,-14.3,-8.7,-15.4,-18.6,-4.8,-23.3,16
17,9.8,-20.9,14.0,-12.2,8.6,-1.6,-0.3,10.3,-3.7,19.2,0.7,23.4,6.1,21.3,4.3,13.6,-5.2,2.5,-14.5,-9.0,-15.2,-18.8,-4.3,-23.3,17
18,10.1,-20.7,13.9,-11.8,8.3,-1.2,-0.5,10.6,-3.6,19.4,0.9,23.4,6.2,21.1,4.1,13.3,-5.5,2.1,-14.7,-9.4,-15.0,-19.1,-3.9,-23.4,18
19,10.5,-20.5,13.9,-11.5,8.0,-0.8,-0.7,11.0,-3.6,19.6,1.1,23.4,6.3,21.0,3.8,13.0,-5.9,1.7,-14.9,-9.8,-14.8,-19.3,-3.3,-23.4,19
20,10.7,-20.3,13.8,-11.1,7.7,-0.4,-0.9,11.3,-3.5,19.9,1.4,23.4,6.3,20.8,3.6,12.6,-6.3,1.3,-15.1,-10.1,-14.6,-19.6,-2.9,-23.4,20
21,11.1,-20.0,13.7,-10.8,7.4,0.0,-1.1,11.7,-3.5,20.1,1.6,23.4,6.4,20.6,3.3,12.3,-6.7,0.9,-15.3,-10.5,-14.3,-19.8,-2.3,-23.4,21
22,11.3,-19.8,13.6,-10.4,7.1,0.4,-1.3,12.0,-3.4,20.3,1.8,23.4,6.4,20.4,3.1,12.0,-7.0,0.6,-15.4,-10.8,-14.1,-20.0,-1.9,-23.4,22
23,11.6,-19.6,13.5,-10.1,6.8,0.8,-1.5,12.3,-3.3,20.5,2.1,23.4,6.5,20.2,2.9,11.6,-7.3,0.2,-15.5,-11.2,-13.9,-20.2,-1.4,-23.4,23
24,11.9,-19.4,13.3,-9.7,6.5,1.2,-1.7,12.7,-3.3,20.7,2.3,23.4,6.5,20.0,2.6,11.3,-7.7,-0.2,-15.7,-11.5,-13.6,-20.4,-0.9,-23.4,24
25,12.1,-19.1,13.1,-9.3,6.2,1.6,-1.9,13.0,-3.1,20.8,2.5,23.4,6.5,19.8,2.3,11.0,-8.1,-0.6,-15.9,-11.9,-13.3,-20.6,-0.4,-23.4,25
26,12.3,-18.9,13.0,-8.9,5.9,2.0,-2.1,13.3,-3.1,21.0,2.7,23.4,6.5,19.6,2.1,10.6,-8.4,-1.0,-15.9,-12.2,-13.0,-20.8,0.1,-23.4,26
27,12.5,-18.6,12.9,-8.6,5.6,2.4,-2.3,13.7,-2.9,21.2,2.9,23.3,6.5,19.3,1.7,10.3,-8.7,-1.4,-16.1,-12.6,-12.7,-21.0,0.6,-23.4,27
28,12.8,-18.4,12.7,-8.2,5.3,2.8,-2.4,14.0,-2.9,21.4,3.1,23.3,6.5,19.1,1.5,9.9,-9.1,-1.8,-16.1,-12.9,-12.3,-21.2,1.1,-23.3,28
29,12.9,-18.1,12.5,-7.8,5.0,3.2,-2.5,14.3,-2.7,21.5,3.3,23.3,6.5,18.9,1.2,9.6,-9.4,-2.2,-16.3,-13.3,-12.0,-21.4,1.6,-23.3,29
30,13.1,-17.8,,,4.7,3.5,-2.7,14.6,-2.6,21.7,3.5,23.2,6.5,18.7,0.9,9.2,-9.7,-2.6,-16.3,-13.6,-11.7,-21.5,2.1,-23.2,30
31,13.3,-17.6,,,4.4,3.9,,,-2.5,21.8,,,6.4,18.4,0.5,8.9,,,-16.3,-13.9,,,2.5,-23.1,31
